-1.571687181306010928e+01
-8.485335926904744142e+00
-2.308339171361272335e+01
-1.650765843176634462e+01
-1.345795199168250988e+01
-1.879378011281917438e+01
-1.713888444897066066e+01
-1.902349045607781264e+01
-1.305280356266267106e+01
-1.947274059617215514e+01
-2.101957154950371631e+01
-1.350220786712640120e+01
-7.214262347970830547e+00
-2.015666547015295862e+01
-1.790268794132204278e+01
-1.486760346253646858e+01
-2.097553760792013477e+01
-2.097609598405913900e+01
-1.372775119049004822e+01
-7.654414914783522761e+00
-2.608837889473011273e+01
-1.581184481696733712e+01
-1.569903582784936802e+01
-1.636397121545033784e+01
-2.834100975616828677e+01
-1.310758015766503526e+01
-1.938767783097142328e+01
-1.675232774081268161e+01
-1.858681028561634818e+01
-2.236254195588361071e+01
-1.372771447574151793e+01
-1.720211959131605894e+01
-3.029660564819727853e+01
-1.767155131228563647e+01
-4.574399977044510734e+00
-1.801095224939859918e+01
-1.697391823902145092e+01
-2.243054738478192434e+01
-2.229035713818272058e+01
-2.277905778344280918e+01
-2.727892539204400890e+01
-2.558455564189580400e+01
-1.773027575833985026e+01
-2.339304686617909113e+01
-1.946976601171051513e+01
-1.093035263809420421e+01
-3.324135858115745634e+00
-1.600241168121163682e+01
-1.945508682996063143e+01
-1.037795420739478480e+01
-2.353331649394384328e+01
-1.612342593909443167e+01
-2.311078272570573588e+01
-1.695416420045016537e+01
-2.204586425006413819e+01
-3.155293515459264242e+01
-1.477865742542198113e+01
-1.955013978634221417e+01
-1.721365864441456495e+01
-1.503782905254082536e+01
-1.831190500323812742e+01
-1.343903599713384267e+01
-7.001277072104524990e+00
-2.583287744706488809e+01
-2.571880632120800669e+01
-1.575769426870034629e+01
-1.860806542132778318e+01
-2.181230836604702361e+01
-2.601832722530936337e+01
-1.371186354595627321e+01
-1.900065270498683034e+01
-2.680666834777953511e+01
-1.000595634654981758e+01
-1.255051060394785978e+01
-2.218022314062904599e+01
-1.136183579698178647e+01
-2.147513087935759302e+01
-2.042940630764959309e+01
-7.472056116287193461e+00
-1.275922744125718822e+01
-2.119532059542130753e+01
-1.072361057413434970e+01
-2.111701084655002347e+01
-3.179645462550258017e+01
-2.208489060165206297e+01
-2.658775181512181263e+01
-2.681854464509487457e+01
-2.004451188426880748e+01
-1.898128373057532414e+01
-1.349897945225005991e+01
-1.241295549223182881e+01
-9.581191010119898266e+00
-2.380427202027327027e+01
-8.774517595348008570e+00
-3.263394080940957309e+01
-2.245350998827584732e+01
-2.023128073638979529e+01
-1.467479895174677651e+01
-2.877534262626210193e+01
-2.768210894217884643e+01
-2.203848762256727412e+01
-1.906361094310355853e+01
-2.122557226600898872e+01
-2.304531644829862103e+01
-3.151430498314440598e+01
-1.815691569807284722e+01
-1.168833031235203634e+01
-1.714325101497273351e+01
-1.182739557075831982e+01
-1.760525044758022872e+01
-2.201334353810562661e+01
-6.939110586037775974e+00
-5.959017125217588529e+00
-2.009453991741942858e+01
-1.957143308949772376e+01
-1.072157558174492742e+01
-1.239497809073977841e+01
-3.027855101782608216e+01
-1.630069907917196304e+01
-1.557496124371811419e+01
-1.318695431414766617e+01
-2.210877781003580367e+01
-1.451380345859207210e+01
-2.360919526615093389e+01
-1.453017919434041616e+01
-1.667258251137613101e+01
-1.067749625980507489e+01
-2.770019229904670865e+01
-2.082436808933979577e+01
-1.347728818954717767e+01
-3.490107693687714630e+01
-1.639360318854508591e+01
-7.494911527195478484e+00
-2.317120963389091770e+01
-1.732670588386880084e+01
-7.634937242348005526e+00
-2.301367416428348989e+01
-1.620889463146779264e+01
-1.058263685829530409e+01
-7.025897640705647262e+00
-1.454897217668253262e+01
-1.897824346159076114e+01
-2.340564023572608576e+01
-1.605948230377215680e+01
-2.440172832952760373e+01
-8.463877368704554982e+00
-2.002544604933876471e+01
-2.600072953566845868e+01
-2.111262030626067343e+01
-8.926572886448468580e+00
-1.441837564368058722e+01
-1.623720628690212919e+01
-1.149426859220680264e+01
-3.114325432389497550e+01
-1.743927671998068263e+01
-2.077485915806667904e+01
-1.620238125447126976e+01
-2.647306658911307053e+01
-1.416218947785609217e+01
-2.236764490386770632e+01
-1.788451862469895559e+01
-1.873754450221289858e+01
-1.179883308200849079e+01
-2.503541377064047069e+01
-1.146335467100817596e+01
-1.911534892703345534e+01
-1.942202950085419033e+01
-2.515152535891397179e+01
-1.114797010698314850e+01
-2.507874560247383044e+01
-1.583372272607627806e+01
-2.932459260922361466e+01
-1.624140395456274177e+01
-1.771715162141704170e+01
-1.293036019836761952e+01
-1.839201050700660289e+01
-1.785430636790758285e+01
-1.047428311264170375e+01
-2.210551424212724569e+01
-1.859963291844638889e+01
-1.865843180797442358e+01
-2.979574090047833579e+01
-3.517531855790700490e+00
-5.562361326030234920e+00
-1.588245374471991056e+01
-1.519226627356852255e+01
-2.687341933155135365e+01
-2.096493784586953524e+01
-1.799246036042936225e+01
-1.673789738583406006e+01
-1.970980400347611550e+01
-1.490743235205059847e+01
-3.102309600965107705e+01
-1.881822779449283090e+01
-1.619870386531742668e+01
-1.657504988291773884e+01
-1.944253564679066670e+01
-1.641312939412004113e+01
-1.541613062721028982e+01
-1.900682354887314673e+01